fx: 3579.9265
fy: 3578.2289
u0: 1188.9616
v0: 1028.0973
k1: -0.2315
k2: 0.2450
k3: -0.5092
p1: 0
p2: 0
