fx: 3452.684114741066
fy: 3436.979388194411
u0: 1261.260994080606
v0: 723.2018565550943
